xhat1 xhat2 xhat3 xhat4 yhat1 yhat2 time
0 0 0 0 0 0 0
-0.000579853 0.0258554 0.242376 -0.41356 0.155258 -0.232572 0.01
-0.00213414 0.0986836 0.456994 -0.784634 0.597851 -0.882403 0.02
-0.00457609 0.215448 0.637513 -1.10505 1.31079 -1.92093 0.03
-0.00781264 0.370361 0.785778 -1.37833 2.25687 -3.29855 0.04
-0.0117586 0.557515 0.9064 -1.61069 3.39745 -4.96527 0.05
-0.0163375 0.771696 1.00403 -1.80819 4.69855 -6.87689 0.06
-0.0214809 1.00848 1.08271 -1.97619 6.13157 -8.99569 0.07
-0.0271278 1.26417 1.14585 -2.1192 7.67274 -11.2898 0.08
-0.0332239 1.53565 1.19626 -2.24107 9.30241 -13.7323 0.09
-0.0397208 1.82032 1.23626 -2.34504 11.0043 -16.3005 0.1
-0.0465756 2.11602 1.26779 -2.43383 12.7651 -18.9752 0.11
-0.0537499 2.42094 1.29242 -2.50974 14.5738 -21.7404 0.12
-0.0612099 2.73357 1.31147 -2.57472 16.4211 -24.5824 0.13
-0.0689251 3.05263 1.326 -2.6304 18.2997 -27.4897 0.14
-0.0768688 3.37707 1.3369 -2.67818 20.2034 -30.4526 0.15
-0.0850167 3.706 1.34489 -2.71922 22.1272 -33.4628 0.16
-0.0933476 4.03869 1.35057 -2.75452 24.067 -36.5134 0.17
-0.101842 4.37452 1.35441 -2.78492 26.0194 -39.5984 0.18
-0.110484 4.71297 1.35682 -2.81114 27.9817 -42.7129 0.19
-0.119256 5.05362 1.3581 -2.83377 29.9517 -45.8526 0.2
-0.128147 5.3961 1.35852 -2.85333 31.9276 -49.0139 0.21
-0.137143 5.74011 1.35829 -2.87027 33.9079 -52.1937 0.22
-0.146234 6.08539 1.35757 -2.88494 35.8915 -55.3894 0.23
-0.15541 6.43175 1.3565 -2.89768 37.8775 -58.5988 0.24
-0.164662 6.779 1.35518 -2.90874 39.865 -61.82 0.25
-0.173982 7.127 1.3537 -2.91837 41.8537 -65.0513 0.26
-0.183364 7.47562 1.35213 -2.92675 43.8429 -68.2914 0.27
-0.1928 7.82476 1.35051 -2.93406 45.8324 -71.5391 0.28
-0.202286 8.17434 1.34888 -2.94044 47.8219 -74.7933 0.29
-0.211815 8.52428 1.34728 -2.94601 49.8111 -78.0532 0.3
-0.221385 8.87453 1.34572 -2.95089 51.8 -81.318 0.31
-0.23099 9.22503 1.34422 -2.95516 53.7884 -84.587 0.32
-0.240626 9.57575 1.34279 -2.95891 55.7763 -87.8599 0.33
-0.250292 9.92664 1.34144 -2.9622 57.7637 -91.1359 0.34
-0.259983 10.2777 1.34017 -2.96509 59.7504 -94.4148 0.35
-0.269697 10.6288 1.33898 -2.96763 61.7365 -97.6961 0.36
-0.279431 10.9801 1.33787 -2.96987 63.7221 -100.98 0.37
-0.289184 11.3315 1.33685 -2.97184 65.707 -104.265 0.38
-0.298954 11.6829 1.3359 -2.97358 67.6914 -107.552 0.39
-0.308738 12.0344 1.33503 -2.97511 69.6753 -110.84 0.4
-0.318536 12.3859 1.33422 -2.97646 71.6586 -114.13 0.41
-0.328346 12.7375 1.33348 -2.97767 73.6415 -117.421 0.42
-0.338166 13.0891 1.33281 -2.97872 75.6239 -120.713 0.43
-0.347997 13.4408 1.33219 -2.97966 77.6059 -124.005 0.44
-0.357835 13.7924 1.33163 -2.98049 79.5875 -127.299 0.45
-0.367682 14.1441 1.33112 -2.98123 81.5688 -130.593 0.46
-0.377535 14.4958 1.33065 -2.98188 83.5497 -133.888 0.47
-0.387395 14.8475 1.33023 -2.98246 85.5303 -137.183 0.48
-0.39726 15.1993 1.32985 -2.98298 87.5106 -140.479 0.49
-0.40713 15.551 1.3295 -2.98344 89.4907 -143.775 0.5
-0.417004 15.9028 1.32918 -2.98384 91.4705 -147.071 0.51
-0.426883 16.2545 1.3289 -2.9842 93.4501 -150.368 0.52
-0.436765 16.6063 1.32864 -2.98453 95.4296 -153.665 0.53
-0.44665 16.9581 1.32841 -2.98481 97.4088 -156.962 0.54
-0.456539 17.3098 1.3282 -2.98507 99.3879 -160.26 0.55
-0.463402 17.6357 1.33587 -2.33171 101.374 -163.161 0.56
-0.466589 17.9157 1.34864 -1.73839 103.262 -165.474 0.57
-0.466456 18.1522 1.37294 -1.21847 105.045 -167.239 0.58
-0.46334 18.3509 1.40876 -0.765914 106.743 -168.521 0.59
-0.457547 18.5178 1.45346 -0.372363 108.38 -169.386 0.6
-0.449348 18.6579 1.50424 -0.0299136 109.978 -169.891 0.61
-0.438991 18.7757 1.55876 0.268381 111.551 -170.084 0.62
-0.426696 18.8748 1.61516 0.528506 113.114 -170.007 0.63
-0.41266 18.9583 1.67201 0.75561 114.676 -169.698 0.64
-0.397064 19.0287 1.72823 0.954106 116.244 -169.186 0.65
-0.380065 19.0883 1.78302 1.1278 117.824 -168.5 0.66
-0.361809 19.1387 1.83581 1.27994 119.42 -167.661 0.67
-0.342424 19.1815 1.88619 1.41336 121.033 -166.69 0.68
-0.322027 19.218 1.93391 1.53047 122.667 -165.604 0.69
-0.300721 19.2492 1.97883 1.63337 124.321 -164.417 0.7
-0.2786 19.2759 2.02088 1.72388 125.996 -163.143 0.71
-0.255748 19.2989 2.06007 1.80357 127.692 -161.792 0.72
-0.232239 19.3188 2.09644 1.87378 129.408 -160.374 0.73
-0.208142 19.3361 2.13008 1.9357 131.145 -158.897 0.74
-0.185037 19.3382 1.83303 1.98641 132.701 -157.372 0.75
-0.163306 19.3156 1.56362 2.0282 133.98 -155.754 0.76
-0.142817 19.2695 1.32874 2.05862 135 -154.042 0.77
-0.123446 19.2032 1.12545 2.07833 135.794 -152.254 0.78
-0.105079 19.1199 0.949742 2.08927 136.394 -150.404 0.79
-0.0876129 19.0222 0.797764 2.09334 136.826 -148.508 0.8
-0.0709571 18.9126 0.666185 2.09218 137.114 -146.575 0.81
-0.0550286 18.793 0.552126 2.08712 137.279 -144.616 0.82
-0.0397534 18.6651 0.453136 2.07922 137.338 -142.639 0.83
-0.0250647 18.5302 0.367122 2.06932 137.306 -140.647 0.84
-0.0109026 18.3895 0.292285 2.05811 137.194 -138.648 0.85
0.00278679 18.2438 0.227107 2.04608 137.015 -136.643 0.86
0.0160519 18.0942 0.170264 2.03366 136.776 -134.636 0.87
0.028936 17.9411 0.12064 2.02116 136.487 -132.629 0.88
0.0414784 17.7851 0.0772603 2.00881 136.154 -130.623 0.89
0.0537139 17.6268 0.0393074 1.99678 135.782 -128.62 0.9
0.0656742 17.4665 0.00605811 1.9852 135.377 -126.621 0.91
0.0773875 17.3046 -0.0230966 1.97415 134.943 -124.625 0.92
0.0888792 17.1412 -0.0486895 1.96369 134.484 -122.634 0.93
0.100172 16.9767 -0.0711807 1.95384 134.003 -120.647 0.94
0.111287 16.8112 -0.0909575 1.94463 133.503 -118.665 0.95
0.122241 16.645 -0.108373 1.93605 132.987 -116.688 0.96
0.133052 16.478 -0.123718 1.92808 132.455 -114.715 0.97
0.143734 16.3105 -0.137253 1.92072 131.911 -112.746 0.98
0.154301 16.1425 -0.149196 1.91392 131.355 -110.782 0.99
0.164764 15.9741 -0.159747 1.90768 130.79 -108.821 1
0.175135 15.8054 -0.169076 1.90195 130.216 -106.865 1.01
0.185422 15.6364 -0.177331 1.8967 129.634 -104.911 1.02
0.195634 15.4671 -0.184639 1.89191 129.046 -102.961 1.03
0.20578 15.2977 -0.191112 1.88753 128.452 -101.014 1.04
0.215865 15.1281 -0.196852 1.88355 127.852 -99.07 1.05
0.225897 14.9584 -0.201946 1.87993 127.248 -97.1284 1.06
0.23588 14.7886 -0.206463 1.87663 126.64 -95.1891 1.07
0.24582 14.6187 -0.210475 1.87364 126.028 -93.252 1.08
0.255722 14.4487 -0.21404 1.87093 125.413 -91.317 1.09
0.265588 14.2786 -0.217212 1.86848 124.795 -89.3837 1.1
0.274543 14.116 -0.222319 1.67619 124.173 -87.5674 1.11
0.2824 13.9667 -0.228588 1.50157 123.577 -85.9237 1.12
0.289266 13.83 -0.237933 1.3485 123.01 -84.4409 1.13
0.295242 13.7043 -0.250382 1.2152 122.465 -83.0997 1.14
0.300418 13.5879 -0.265189 1.09923 121.937 -81.881 1.15
0.304877 13.4791 -0.281568 0.998268 121.419 -80.7683 1.16
0.308691 13.3769 -0.298859 0.910283 120.906 -79.7472 1.17
0.311926 13.28 -0.316543 0.833518 120.395 -78.8052 1.18
0.314642 13.1877 -0.334219 0.76647 119.884 -77.9318 1.19
0.316893 13.0992 -0.351587 0.70784 119.37 -77.1179 1.2
0.318725 13.0138 -0.368434 0.656516 118.852 -76.3555 1.21
0.320181 12.9311 -0.384598 0.611538 118.329 -75.638 1.22
0.321301 12.8506 -0.399976 0.572081 117.8 -74.9594 1.23
0.322119 12.7719 -0.414502 0.537431 117.264 -74.3149 1.24
0.322665 12.6948 -0.428143 0.506973 116.722 -73.7 1.25
0.322969 12.619 -0.440891 0.480174 116.173 -73.1109 1.26
0.323054 12.5442 -0.45275 0.456571 115.618 -72.5445 1.27
0.322943 12.4703 -0.463741 0.435767 115.057 -71.9979 1.28
0.322657 12.3972 -0.473893 0.417412 114.49 -71.4686 1.29
0.322213 12.3247 -0.483246 0.401207 113.916 -70.9546 1.3
0.321628 12.2528 -0.49184 0.386884 113.338 -70.4538 1.31
0.320917 12.1812 -0.49972 0.37422 112.754 -69.9649 1.32
0.320092 12.1101 -0.506927 0.363011 112.165 -69.4862 1.33
0.319165 12.0392 -0.51351 0.353086 111.572 -69.0166 1.34
0.318147 11.9686 -0.519514 0.344289 110.975 -68.5551 1.35
0.317046 11.8983 -0.524979 0.33649 110.373 -68.1006 1.36
0.315873 11.8281 -0.529948 0.329569 109.769 -67.6523 1.37
0.314633 11.758 -0.534461 0.323424 109.161 -67.2096 1.38
0.313335 11.6881 -0.538557 0.317967 108.55 -66.7717 1.39
0.311984 11.6183 -0.54227 0.313116 107.936 -66.3381 1.4
0.310585 11.5485 -0.54563 0.308804 107.32 -65.9084 1.41
0.309144 11.4789 -0.548672 0.304969 106.701 -65.482 1.42
0.307664 11.4093 -0.551422 0.301555 106.081 -65.0586 1.43
0.306151 11.3397 -0.553905 0.298516 105.458 -64.6379 1.44
0.304607 11.2702 -0.556148 0.295808 104.834 -64.2195 1.45
0.303035 11.2007 -0.558172 0.293395 104.208 -63.8033 1.46
0.301439 11.1313 -0.559998 0.291247 103.581 -63.3889 1.47
0.29982 11.0619 -0.561644 0.28933 102.952 -62.9761 1.48
0.298182 10.9925 -0.563125 0.287619 102.323 -62.5649 1.49
0.296527 10.9231 -0.564462 0.286095 101.692 -62.1549 1.5
0.294855 10.8538 -0.565665 0.284736 101.06 -61.7461 1.51
0.293169 10.7844 -0.566747 0.283522 100.428 -61.3384 1.52
0.291471 10.7151 -0.567723 0.282438 99.7943 -60.9316 1.53
0.28976 10.6457 -0.568597 0.28147 99.1603 -60.5256 1.54
0.28804 10.5764 -0.569385 0.280604 98.5257 -60.1203 1.55
0.286311 10.5071 -0.570092 0.279833 97.8905 -59.7157 1.56
0.284573 10.4378 -0.570729 0.279142 97.2548 -59.3117 1.57
0.282828 10.3685 -0.571301 0.278526 96.6186 -58.9082 1.58
0.281076 10.2991 -0.571815 0.277973 95.982 -58.5051 1.59
0.279319 10.2298 -0.572274 0.277482 95.345 -58.1025 1.6
0.277556 10.1605 -0.572689 0.277041 94.7077 -57.7003 1.61
0.275788 10.0912 -0.573061 0.276647 94.0702 -57.2984 1.62
0.274017 10.0219 -0.573396 0.276296 93.4323 -56.8967 1.63
0.272241 9.95264 -0.573696 0.275981 92.7942 -56.4954 1.64
0.270462 9.88334 -0.573963 0.275699 92.1558 -56.0943 1.65
0.26868 9.81404 -0.574204 0.275446 91.5173 -55.6934 1.66
0.266895 9.74475 -0.574421 0.27522 90.8786 -55.2926 1.67
0.265107 9.67546 -0.574614 0.275018 90.2398 -54.8921 1.68
0.263318 9.60616 -0.57479 0.274839 89.6008 -54.4917 1.69
0.261526 9.53687 -0.574946 0.274678 88.9616 -54.0914 1.7
0.258557 9.4575 -0.828906 0.27148 88.1684 -53.6941 1.71
0.254158 9.36036 -1.05952 0.266325 87.1466 -53.2589 1.72
0.248467 9.24629 -1.26162 0.256716 85.9117 -52.7827 1.73
0.241616 9.11756 -1.43753 0.242643 84.4894 -52.2739 1.74
0.233724 8.97644 -1.59051 0.225143 82.9049 -51.7417 1.75
0.224895 8.82495 -1.72363 0.205295 81.1801 -51.1941 1.76
0.215227 8.66478 -1.83959 0.184009 79.3343 -50.6373 1.77
0.204805 8.49735 -1.94071 0.162004 77.3838 -50.0765 1.78
0.193706 8.32387 -2.029 0.139835 75.3428 -49.5153 1.79
0.182 8.14532 -2.10617 0.117919 73.2233 -48.9566 1.8
0.169749 7.96254 -2.1737 0.0965677 71.0356 -48.4025 1.81
0.157008 7.77623 -2.23285 0.0760032 68.7889 -47.8545 1.82
0.143828 7.58695 -2.28472 0.0563789 66.4907 -47.3136 1.83
0.130254 7.39521 -2.33026 0.0377923 64.1477 -46.7804 1.84
0.116327 7.2014 -2.37027 0.0203009 61.7656 -46.2553 1.85
0.102083 7.00586 -2.40546 0.00392783 59.3495 -45.7385 1.86
0.0875539 6.80889 -2.43644 -0.0113276 56.9036 -45.2297 1.87
0.0727699 6.61071 -2.46374 -0.0254871 54.4316 -44.729 1.88
0.0577571 6.41152 -2.48782 -0.0385824 51.9369 -44.2359 1.89
0.0425389 6.21149 -2.50908 -0.050658 49.4221 -43.7503 1.9
0.0271366 6.01076 -2.52785 -0.0617638 46.8898 -43.2716 1.91
0.0115692 5.80944 -2.54445 -0.071954 44.3421 -42.7995 1.92
-0.00414632 5.60763 -2.55914 -0.0812832 41.7808 -42.3336 1.93
-0.0199946 5.40541 -2.57214 -0.0898103 39.2076 -41.8735 1.94
-0.035962 5.20284 -2.58366 -0.0975905 36.6239 -41.4188 1.95
-0.0520362 4.99999 -2.59388 -0.104677 34.0309 -40.969 1.96
-0.0682061 4.7969 -2.60294 -0.111125 31.4297 -40.5238 1.97
-0.0844619 4.59361 -2.61098 -0.116983 28.8213 -40.0829 1.98
-0.100795 4.39016 -2.61812 -0.1223 26.2065 -39.6458 1.99
-0.117196 4.18656 -2.62446 -0.12712 23.5861 -39.2123 2
-0.13366 3.98284 -2.63011 -0.131487 20.9607 -38.782 2.01
-0.150179 3.77903 -2.63512 -0.13544 18.3308 -38.3547 2.02
-0.166748 3.57514 -2.63959 -0.139014 15.697 -37.9301 2.03
-0.183361 3.37118 -2.64356 -0.142244 13.0598 -37.5079 2.04
-0.200014 3.16716 -2.6471 -0.145162 10.4194 -37.088 2.05
-0.216703 2.96309 -2.65025 -0.147795 7.77633 -36.6701 2.06
-0.233424 2.75899 -2.65306 -0.150171 5.1308 -36.254 2.07
-0.250174 2.55485 -2.65557 -0.152313 2.4831 -35.8397 2.08
-0.26695 2.35068 -2.6578 -0.154243 -0.166527 -35.4268 2.09
-0.283749 2.14649 -2.65979 -0.155982 -2.81786 -35.0153 2.1
-0.300568 1.94228 -2.66157 -0.157547 -5.47073 -34.605 2.11
-0.317406 1.73806 -2.66316 -0.158957 -8.12495 -34.1958 2.12
-0.334261 1.53382 -2.66457 -0.160225 -10.7804 -33.7877 2.13
-0.35113 1.32957 -2.66584 -0.161366 -13.4369 -33.3804 2.14
-0.368013 1.12531 -2.66697 -0.162393 -16.0944 -32.974 2.15
-0.384908 0.921043 -2.66797 -0.163314 -18.7527 -32.5683 2.16
-0.401813 0.716768 -2.66887 -0.164144 -21.4118 -32.1633 2.17
-0.418729 0.512489 -2.66968 -0.164888 -24.0716 -31.7589 2.18
-0.435652 0.308204 -2.6704 -0.165557 -26.732 -31.355 2.19
-0.452584 0.103916 -2.67104 -0.166159 -29.3929 -30.9516 2.2
-0.471434 -0.0839829 -2.67659 -0.579449 -32.0588 -30.7991 2.21
-0.492614 -0.243001 -2.68527 -0.954755 -34.6634 -31.0184 2.22
-0.515897 -0.374482 -2.70117 -1.28364 -37.2018 -31.5845 2.23
-0.54107 -0.482111 -2.7243 -1.56993 -39.6872 -32.4555 2.24
-0.56794 -0.569608 -2.75297 -1.81891 -42.1347 -33.5906 2.25
-0.596333 -0.640236 -2.78544 -2.03557 -44.5573 -34.9537 2.26
-0.624202 -0.68054 -2.41182 -2.21939 -46.7175 -36.5094 2.27
-0.651 -0.680462 -2.07687 -2.3759 -48.5035 -38.2966 2.28
-0.676825 -0.643282 -1.78807 -2.50432 -49.9463 -40.2971 2.29
-0.701775 -0.574263 -1.54094 -2.60746 -51.0919 -42.478 2.3
-0.725937 -0.47844 -1.32976 -2.68936 -51.9841 -44.8075 2.31
-0.749393 -0.360172 -1.14923 -2.75385 -52.6608 -47.2583 2.32
-0.772214 -0.223135 -0.994764 -2.80416 -53.1545 -49.8074 2.33
-0.794465 -0.070412 -0.862457 -2.84298 -53.4924 -52.4363 2.34
-0.816204 0.0954215 -0.749003 -2.87254 -53.6979 -55.1292 2.35
-0.837483 0.27221 -0.651605 -2.89465 -53.7906 -57.8737 2.36
-0.858348 0.458154 -0.567891 -2.91081 -53.7871 -60.6594 2.37
-0.878843 0.651749 -0.495855 -2.92224 -53.7014 -63.4776 2.38
-0.899005 0.851738 -0.433792 -2.92992 -53.5456 -66.3217 2.39
-0.918868 1.05707 -0.380257 -2.93467 -53.3298 -69.1859 2.4
-0.938463 1.26687 -0.334022 -2.93715 -53.0627 -72.0657 2.41
-0.957817 1.4804 -0.294041 -2.93787 -52.7515 -74.9574 2.42
-0.976955 1.69704 -0.259429 -2.93727 -52.4025 -77.8581 2.43
-0.995899 1.9163 -0.229426 -2.9357 -52.0211 -80.7655 2.44
-1.01467 2.13773 -0.203388 -2.93342 -51.6117 -83.6776 2.45
-1.03328 2.36098 -0.180762 -2.93064 -51.1782 -86.5929 2.46
-1.05176 2.58575 -0.161077 -2.92755 -50.7241 -89.5103 2.47
-1.07011 2.81179 -0.143933 -2.92427 -50.252 -92.4288 2.48
-1.08834 3.0389 -0.128986 -2.9209 -49.7644 -95.3478 2.49
-1.10648 3.26689 -0.115934 -2.91754 -49.2634 -98.2667 2.5
-1.12452 3.49562 -0.104525 -2.91422 -48.7508 -101.185 2.51
-1.14248 3.72497 -0.0945454 -2.911 -48.2282 -104.103 2.52
-1.16037 3.95484 -0.085802 -2.90791 -47.6968 -107.02 2.53
-1.1782 4.18515 -0.0781356 -2.90496 -47.1578 -109.935 2.54
-1.19596 4.41582 -0.071408 -2.90218 -46.6122 -112.849 2.55
-1.21368 4.64678 -0.0654953 -2.89957 -46.0608 -115.763 2.56
-1.23134 4.87801 -0.0602973 -2.89712 -45.5044 -118.674 2.57
-1.24896 5.10944 -0.0557199 -2.89485 -44.9435 -121.585 2.58
-1.26655 5.34105 -0.0516883 -2.89274 -44.3788 -124.495 2.59
-1.2841 5.5728 -0.0481325 -2.8908 -43.8108 -127.403 2.6
-1.30162 5.80468 -0.0449918 -2.889 -43.2398 -130.31 2.61
-1.31912 6.03666 -0.0422198 -2.88735 -42.6662 -133.216 2.62
-1.33659 6.26873 -0.0397692 -2.88584 -42.0903 -136.121 2.63
-1.35403 6.50087 -0.0376007 -2.88445 -41.5124 -139.025 2.64
-1.37146 6.73307 -0.0356813 -2.88319 -40.9327 -141.929 2.65
-1.38887 6.96532 -0.0339824 -2.88204 -40.3515 -144.831 2.66
-1.40627 7.19761 -0.0324751 -2.88099 -39.7689 -147.733 2.67
-1.42365 7.42994 -0.0311395 -2.88004 -39.1852 -150.634 2.68
-1.44101 7.6623 -0.0299524 -2.87917 -38.6003 -153.535 2.69
-1.45837 7.89468 -0.0288986 -2.87838 -38.0145 -156.435 2.7
-1.47571 8.12708 -0.0279638 -2.87767 -37.4279 -159.334 2.71
-1.49305 8.3595 -0.027131 -2.87703 -36.8405 -162.233 2.72
-1.51038 8.59193 -0.026392 -2.87644 -36.2525 -165.131 2.73
-1.5277 8.82438 -0.0257346 -2.87591 -35.6639 -168.03 2.74
-1.54502 9.05683 -0.0251484 -2.87544 -35.0748 -170.927 2.75
-1.56232 9.28929 -0.0246277 -2.87501 -34.4852 -173.825 2.76
-1.57963 9.52176 -0.0241622 -2.87462 -33.8952 -176.722 2.77
-1.59693 9.75424 -0.0237483 -2.87427 -33.3049 -179.618 2.78
-1.61422 9.98672 -0.0233793 -2.87395 -32.7142 -182.515 2.79
-1.63151 10.2192 -0.023052 -2.87367 -32.1233 -185.411 2.8
-1.6488 10.4517 -0.0227588 -2.87341 -31.5321 -188.308 2.81
-1.66608 10.6842 -0.0224959 -2.87318 -30.9407 -191.203 2.82
-1.68336 10.9167 -0.0222616 -2.87297 -30.3491 -194.099 2.83
-1.70064 11.1492 -0.0220518 -2.87279 -29.7573 -196.995 2.84
-1.71792 11.3817 -0.0218647 -2.87262 -29.1654 -199.89 2.85
-1.73519 11.6142 -0.0216987 -2.87247 -28.5733 -202.786 2.86
-1.75247 11.8467 -0.0215508 -2.87233 -27.981 -205.681 2.87
-1.76974 12.0792 -0.0214169 -2.87221 -27.3887 -208.576 2.88
-1.78701 12.3117 -0.0212999 -2.8721 -26.7963 -211.471 2.89
-1.80428 12.5442 -0.0211937 -2.872 -26.2038 -214.366 2.9
-1.82154 12.7767 -0.021098 -2.87191 -25.6112 -217.261 2.91
-1.83881 13.0092 -0.0210127 -2.87183 -25.0185 -220.156 2.92
-1.85608 13.2417 -0.0209375 -2.87176 -24.4258 -223.051 2.93
-1.87334 13.4742 -0.0208691 -2.87169 -23.833 -225.946 2.94
-1.8906 13.7067 -0.0208084 -2.87164 -23.2401 -228.841 2.95
-1.90787 13.9392 -0.0207546 -2.87159 -22.6472 -231.735 2.96
-1.92513 14.1717 -0.0207062 -2.87154 -22.0543 -234.63 2.97
-1.94239 14.4042 -0.0206623 -2.8715 -21.4613 -237.524 2.98
-1.95966 14.6367 -0.0206237 -2.87146 -20.8683 -240.419 2.99
-1.97692 14.8692 -0.0205892 -2.87143 -20.2753 -243.314 3
-1.99847 15.0649 -0.947737 -2.88256 -20.2448 -246.218 3.01
-2.02525 15.1957 -1.78969 -2.9009 -21.0487 -248.984 3.02
-2.05673 15.2646 -2.52748 -2.93555 -22.6308 -251.6 3.03
-2.09245 15.28 -3.16969 -2.98655 -24.8969 -254.097 3.04
-2.13197 15.2501 -3.72817 -3.05012 -27.7557 -256.507 3.05
-2.17491 15.1823 -4.21414 -3.1223 -31.1263 -258.861 3.06
-2.22091 15.0829 -4.63745 -3.19977 -34.9389 -261.182 3.07
-2.26966 14.9569 -5.0066 -3.27989 -39.1335 -263.487 3.08
-2.32088 14.8088 -5.32888 -3.36065 -43.6589 -265.791 3.09
-2.37431 14.6422 -5.61058 -3.44049 -48.4708 -268.104 3.1
-2.42526 14.4218 -5.84545 -2.55297 -53.5207 -269.848 3.11
-2.47257 14.1209 -6.04225 -1.75129 -58.931 -270.745 3.12
-2.51657 13.7448 -6.19548 -1.05465 -64.685 -270.858 3.13
-2.5576 13.3039 -6.30856 -0.453739 -70.7272 -270.286 3.14
-2.59596 12.8084 -6.3884 0.0639722 -77.0011 -269.127 3.15
-2.63193 12.2671 -6.44168 0.510261 -83.4584 -267.465 3.16
-2.66574 11.6876 -6.47409 0.895377 -90.0592 -265.373 3.17
-2.69762 11.076 -6.4903 1.2281 -96.771 -262.911 3.18
-2.72776 10.4377 -6.49409 1.51591 -103.568 -260.134 3.19
-2.75634 9.77714 -6.48851 1.76517 -110.428 -257.085 3.2
-2.78353 9.09786 -6.47602 1.9813 -117.335 -253.803 3.21
-2.80946 8.40298 -6.45855 2.16895 -124.275 -250.32 3.22
-2.83426 7.69507 -6.43766 2.33205 -131.237 -246.663 3.23
-2.85805 6.97626 -6.41456 2.474 -138.214 -242.858 3.24
-2.88093 6.24834 -6.39019 2.59768 -145.199 -238.924 3.25
-2.90299 5.51282 -6.36529 2.70557 -152.187 -234.879 3.26
-2.92432 4.77094 -6.34043 2.7998 -159.173 -230.737 3.27
-2.945 4.02375 -6.31601 2.88218 -166.155 -226.512 3.28
-2.96509 3.27211 -6.29234 2.95429 -173.132 -222.214 3.29
-2.98465 2.51677 -6.26964 3.01747 -180.101 -217.852 3.3
-3.00374 1.75832 -6.24804 3.07289 -187.062 -213.437 3.31
-3.0224 0.997284 -6.22765 3.12155 -194.014 -208.973 3.32
-3.04068 0.234082 -6.20851 3.16432 -200.956 -204.467 3.33
-3.05862 -0.530931 -6.19062 3.20194 -207.89 -199.926 3.34
-3.07625 -1.29745 -6.17398 3.23508 -214.814 -195.352 3.35
-3.0936 -2.06524 -6.15858 3.26428 -221.73 -190.751 3.36
-3.11071 -2.83409 -6.14433 3.29004 -228.637 -186.125 3.37
-3.1276 -3.60382 -6.13122 3.31278 -235.535 -181.478 3.38
-3.14429 -4.37428 -6.11917 3.33287 -242.427 -176.812 3.39
-3.1608 -5.14536 -6.10813 3.35063 -249.31 -172.13 3.4
-3.17387 -5.88882 -5.3893 3.37489 -255.758 -167.425 3.41
-3.18281 -6.5831 -4.73647 3.40284 -261.561 -162.814 3.42
-3.18802 -7.23045 -4.16409 3.44169 -266.763 -158.306 3.43
-3.18988 -7.83715 -3.66551 3.49163 -271.437 -153.88 3.44
-3.18872 -8.40953 -3.23165 3.54994 -275.653 -149.51 3.45
-3.18487 -8.95315 -2.85384 3.61374 -279.473 -145.176 3.46
-3.17859 -9.47272 -2.52452 3.68062 -282.951 -140.861 3.47
-3.17013 -9.97219 -2.23714 3.74867 -286.134 -136.551 3.48
-3.15972 -10.4548 -1.98607 3.81645 -289.06 -132.237 3.49
-3.14756 -10.9235 -1.76648 3.88287 -291.763 -127.911 3.5
-3.13382 -11.3804 -1.57421 3.94714 -294.274 -123.569 3.51
-3.11867 -11.8274 -1.40568 4.0087 -296.617 -119.205 3.52
-3.10225 -12.2663 -1.25781 4.06718 -298.814 -114.819 3.53
-3.08469 -12.6984 -1.12792 4.12236 -300.884 -110.408 3.54
-3.06611 -13.1247 -1.01373 4.17413 -302.843 -105.973 3.55
-3.04662 -13.5462 -0.913237 4.22245 -304.705 -101.512 3.56
-3.02631 -13.9638 -0.824721 4.26738 -306.482 -97.0258 3.57
-3.00526 -14.378 -0.746675 4.30899 -308.185 -92.516 3.58
-2.98355 -14.7894 -0.677816 4.3474 -309.823 -87.9831 3.59
-2.96125 -15.1984 -0.616999 4.38278 -311.405 -83.4282 3.6
-2.93841 -15.6056 -0.563253 4.41526 -312.936 -78.8525 3.61
-2.9151 -16.0111 -0.515717 4.44503 -314.423 -74.2572 3.62
-2.89136 -16.4152 -0.47364 4.47226 -315.871 -69.6436 3.63
-2.86724 -16.8182 -0.436376 4.49711 -317.286 -65.013 3.64
-2.84278 -17.2202 -0.40334 4.51977 -318.67 -60.3666 3.65
-2.818 -17.6215 -0.374054 4.5404 -320.028 -55.7056 3.66
-2.79295 -18.0221 -0.348056 4.55915 -321.362 -51.0312 3.67
-2.76765 -18.4221 -0.324977 4.57618 -322.676 -46.3445 3.68
-2.74213 -18.8217 -0.304474 4.59162 -323.972 -41.6464 3.69
-2.71642 -19.2209 -0.286258 4.60562 -325.251 -36.9379 3.7
-2.69052 -19.6197 -0.27005 4.61829 -326.516 -32.22 3.71
-2.66446 -20.0183 -0.255636 4.62975 -327.768 -27.4934 3.72
-2.63826 -20.4167 -0.242806 4.64012 -329.009 -22.759 3.73
-2.61193 -20.8148 -0.231376 4.64948 -330.24 -18.0174 3.74
-2.58549 -21.2129 -0.221206 4.65793 -331.462 -13.2693 3.75
-2.55894 -21.6107 -0.212139 4.66556 -332.677 -8.51538 3.76
-2.5323 -22.0085 -0.204063 4.67244 -333.884 -3.75603 3.77
-2.50558 -22.4062 -0.196852 4.67864 -335.085 1.00812 3.78
-2.47878 -22.8038 -0.190425 4.68422 -336.28 5.77666 3.79
-2.45191 -23.2013 -0.184695 4.68925 -337.471 10.5491 3.8
-2.42499 -23.5988 -0.179584 4.69378 -338.657 15.3253 3.81
-2.39801 -23.9963 -0.175013 4.69786 -339.84 20.1046 3.82
-2.37099 -24.3937 -0.170938 4.70152 -341.018 24.8868 3.83
-2.34392 -24.791 -0.167298 4.70482 -342.194 29.6717 3.84
-2.31681 -25.1884 -0.16405 4.70778 -343.367 34.4589 3.85
-2.28967 -25.5857 -0.161139 4.71045 -344.537 39.2483 3.86
-2.2625 -25.983 -0.158548 4.71284 -345.706 44.0396 3.87
-2.2353 -26.3803 -0.156228 4.715 -346.872 48.8326 3.88
-2.20807 -26.7776 -0.15416 4.71693 -348.037 53.6272 3.89
-2.18082 -27.1749 -0.152302 4.71867 -349.2 58.4232 3.9
-2.15356 -27.5721 -0.150645 4.72023 -350.361 63.2205 3.91
-2.12627 -27.9694 -0.149165 4.72163 -351.522 68.0189 3.92
-2.09897 -28.3666 -0.147837 4.72288 -352.681 72.8183 3.93
-2.07165 -28.7639 -0.146655 4.72401 -353.839 77.6186 3.94
-2.04433 -29.1611 -0.145594 4.72502 -354.997 82.4198 3.95
-2.01699 -29.5583 -0.144652 4.72593 -356.153 87.2217 3.96
-1.98964 -29.9555 -0.143797 4.72675 -357.309 92.0242 3.97
-1.96228 -30.3528 -0.143042 4.72748 -358.464 96.8274 3.98
-1.93491 -30.75 -0.142359 4.72813 -359.619 101.631 3.99
-1.90753 -31.1472 -0.141756 4.72872 -360.773 106.435 4
-1.88015 -31.5444 -0.141207 4.72925 -361.927 111.24 4.01
-1.85276 -31.9417 -0.140726 4.72972 -363.08 116.045 4.02
-1.82537 -32.3389 -0.140287 4.73015 -364.233 120.85 4.03
-1.79797 -32.7361 -0.139898 4.73053 -365.385 125.656 4.04
-1.77057 -33.1333 -0.139547 4.73087 -366.538 130.462 4.05
-1.74316 -33.5305 -0.139238 4.73118 -367.69 135.268 4.06
-1.71575 -33.9277 -0.138959 4.73145 -368.842 140.074 4.07
-1.68834 -34.3249 -0.138704 4.7317 -369.993 144.881 4.08
-1.66093 -34.7222 -0.138483 4.73192 -371.145 149.688 4.09
-1.63351 -35.1194 -0.138288 4.73212 -372.296 154.495 4.1
-1.60609 -35.5166 -0.138105 4.73229 -373.447 159.302 4.11
-1.57867 -35.9138 -0.137944 4.73245 -374.598 164.109 4.12
-1.55124 -36.311 -0.137796 4.73259 -375.749 168.916 4.13
-1.52382 -36.7082 -0.137671 4.73272 -376.9 173.724 4.14
-1.49639 -37.1054 -0.137555 4.73283 -378.05 178.531 4.15
-1.46896 -37.5027 -0.137449 4.73293 -379.201 183.339 4.16
-1.44153 -37.8999 -0.137361 4.73303 -380.351 188.147 4.17
-1.4141 -38.2971 -0.137271 4.73311 -381.502 192.955 4.18
-1.38667 -38.6943 -0.137201 4.73318 -382.652 197.762 4.19
-1.35924 -39.0915 -0.137133 4.73325 -383.802 202.57 4.2
-1.33181 -39.4887 -0.137078 4.73331 -384.953 207.378 4.21
-1.30437 -39.8859 -0.137017 4.73336 -386.103 212.186 4.22
-1.27694 -40.2831 -0.136972 4.73341 -387.253 216.994 4.23
-1.24951 -40.6804 -0.136931 4.73345 -388.403 221.802 4.24
-1.22207 -41.0776 -0.136892 4.73349 -389.553 226.61 4.25
-1.19464 -41.4748 -0.136857 4.73352 -390.703 231.418 4.26
-1.1672 -41.872 -0.136827 4.73355 -391.853 236.227 4.27
-1.13976 -42.2692 -0.136801 4.73358 -393.003 241.035 4.28
-1.11233 -42.6664 -0.136774 4.73361 -394.153 245.843 4.29
-1.08489 -43.0636 -0.136754 4.73362 -395.303 250.651 4.3
-1.05745 -43.4608 -0.136736 4.73364 -396.453 255.459 4.31
-1.03002 -43.8581 -0.136712 4.73366 -397.603 260.268 4.32
-1.00258 -44.2553 -0.136693 4.73368 -398.753 265.076 4.33
-0.975142 -44.6525 -0.136686 4.73369 -399.903 269.884 4.34
-0.947705 -45.0497 -0.136671 4.73371 -401.053 274.692 4.35
-0.920267 -45.4469 -0.136663 4.73371 -402.203 279.501 4.36
-0.892829 -45.8441 -0.136648 4.73373 -403.353 284.309 4.37
-0.865391 -46.2413 -0.136647 4.73374 -404.503 289.117 4.38
-0.837953 -46.6385 -0.136633 4.73375 -405.653 293.926 4.39
-0.810515 -47.0358 -0.136625 4.73376 -406.803 298.734 4.4
-0.783076 -47.433 -0.136617 4.73376 -407.952 303.542 4.41
-0.755638 -47.8302 -0.13661 4.73376 -409.102 308.351 4.42
-0.728199 -48.2274 -0.136614 4.73378 -410.252 313.159 4.43
-0.700761 -48.6246 -0.136602 4.73378 -411.402 317.967 4.44
-0.673322 -49.0218 -0.136606 4.73378 -412.552 322.776 4.45
-0.645884 -49.419 -0.13659 4.73379 -413.702 327.584 4.46
-0.618445 -49.8162 -0.136594 4.73379 -414.852 332.392 4.47
-0.591006 -50.2135 -0.13659 4.73379 -416.001 337.201 4.48
-0.563567 -50.6107 -0.136591 4.73379 -417.151 342.009 4.49
-0.536129 -51.0079 -0.136587 4.73379 -418.301 346.817 4.5
-0.512705 -51.3707 -0.147015 3.86708 -419.461 351.1 4.51
-0.494159 -51.6728 -0.164174 3.08001 -420.49 354.602 4.52
-0.476418 -51.8863 0.580638 2.39967 -420.908 357.386 4.53
-0.458261 -51.9952 1.23875 1.81471 -420.515 359.414 4.54
-0.439706 -52.0101 1.79778 1.32171 -419.389 360.762 4.55
-0.420793 -51.9445 2.26865 0.910198 -417.637 361.531 4.56
-0.401559 -51.8115 2.6644 0.567778 -415.357 361.816 4.57
-0.382034 -51.6219 2.99687 0.283217 -412.633 361.695 4.58
-0.36225 -51.3851 3.27622 0.046885 -409.538 361.238 4.59
-0.342231 -51.1087 3.51103 -0.149264 -406.131 360.5 4.6
-0.322001 -50.7993 3.70846 -0.311987 -402.462 359.528 4.61
-0.301583 -50.4624 3.87453 -0.446886 -398.573 358.362 4.62
-0.280994 -50.1023 4.01427 -0.558649 -394.501 357.035 4.63
-0.260252 -49.7231 4.13193 -0.651175 -390.273 355.573 4.64
-0.239374 -49.3277 4.23103 -0.72772 -385.916 353.999 4.65
-0.218371 -48.9188 4.31454 -0.790993 -381.449 352.333 4.66
-0.197258 -48.4987 4.38496 -0.84324 -376.891 350.59 4.67
-0.176046 -48.0693 4.44437 -0.886341 -372.256 348.783 4.68
-0.154744 -47.6319 4.49452 -0.921857 -367.556 346.923 4.69
-0.133362 -47.188 4.53688 -0.951086 -362.801 345.019 4.7
-0.111907 -46.7386 4.57268 -0.975105 -358 343.079 4.71
-0.0903884 -46.2847 4.60297 -0.994816 -353.161 341.109 4.72
-0.0688114 -45.8269 4.62859 -1.01097 -348.289 339.114 4.73
-0.0471822 -45.3659 4.6503 -1.02417 -343.39 337.099 4.74
-0.0255062 -44.9022 4.66871 -1.03494 -338.467 335.066 4.75
-0.00378826 -44.4363 4.68432 -1.04371 -333.525 333.02 4.76
0.0179674 -43.9685 4.69758 -1.05083 -328.566 330.962 4.77
0.0397569 -43.4992 4.70885 -1.05659 -323.594 328.894 4.78
0.0615767 -43.0286 4.71844 -1.06124 -318.609 326.819 4.79
0.0834238 -42.5568 4.72659 -1.06497 -313.615 324.738 4.8
0.105295 -42.0842 4.73354 -1.06795 -308.612 322.651 4.81
0.127189 -41.6108 4.73948 -1.07032 -303.602 320.56 4.82
0.149102 -41.1367 4.74454 -1.07219 -298.586 318.466 4.83
0.171032 -40.6622 4.74888 -1.07367 -293.564 316.368 4.84
0.192979 -40.1872 4.75258 -1.0748 -288.538 314.269 4.85
0.21494 -39.7118 4.75576 -1.07568 -283.509 312.168 4.86
0.236913 -39.2361 4.75849 -1.07634 -278.476 310.065 4.87
0.258898 -38.7601 4.76082 -1.07683 -273.441 307.961 4.88
0.280893 -38.284 4.76283 -1.07718 -268.404 305.856 4.89
0.302897 -37.8076 4.76456 -1.07742 -263.364 303.75 4.9
0.324909 -37.3311 4.76605 -1.07758 -258.323 301.644 4.91
0.346929 -36.8545 4.76734 -1.07768 -253.28 299.537 4.92
0.368955 -36.3777 4.76845 -1.07772 -248.236 297.43 4.93
0.390988 -35.9009 4.76941 -1.07772 -243.191 295.323 4.94
0.413025 -35.424 4.77025 -1.0777 -238.145 293.215 4.95
0.435068 -34.9471 4.77097 -1.07764 -233.098 291.107 4.96
0.457114 -34.47 4.7716 -1.07759 -228.051 289 4.97
0.479165 -33.993 4.77214 -1.07751 -223.003 286.892 4.98
0.501219 -33.5159 4.77261 -1.07742 -217.955 284.784 4.99
0.523276 -33.0388 4.77303 -1.07734 -212.906 282.676 5
0.545335 -32.5616 4.77339 -1.07726 -207.857 280.568 5.01
0.567398 -32.0845 4.7737 -1.07717 -202.807 278.46 5.02
0.589462 -31.6073 4.77397 -1.07709 -197.757 276.352 5.03
0.611528 -31.1301 4.77421 -1.07701 -192.707 274.244 5.04
0.633597 -30.6529 4.77443 -1.07693 -187.657 272.136 5.05
0.655666 -30.1756 4.77461 -1.07685 -182.606 270.028 5.06
0.677738 -29.6984 4.77477 -1.07678 -177.556 267.921 5.07
0.69981 -29.2212 4.77491 -1.07672 -172.505 265.813 5.08
0.721884 -28.7439 4.77504 -1.07666 -167.454 263.705 5.09
0.743959 -28.2667 4.77515 -1.0766 -162.403 261.597 5.1
0.766034 -27.7894 4.77525 -1.07655 -157.352 259.49 5.11
0.788111 -27.3122 4.77533 -1.07651 -152.301 257.382 5.12
0.810188 -26.8349 4.7754 -1.07647 -147.249 255.274 5.13
0.832266 -26.3577 4.77547 -1.07643 -142.198 253.167 5.14
0.854344 -25.8804 4.77553 -1.07639 -137.147 251.059 5.15
0.876423 -25.4031 4.77559 -1.07636 -132.095 248.952 5.16
0.898502 -24.9259 4.77563 -1.07633 -127.044 246.844 5.17
0.920582 -24.4486 4.77567 -1.0763 -121.992 244.737 5.18
0.942662 -23.9713 4.77571 -1.07627 -116.941 242.629 5.19
0.964743 -23.4941 4.77574 -1.07625 -111.889 240.522 5.2
0.986824 -23.0168 4.77577 -1.07623 -106.838 238.414 5.21
1.00891 -22.5395 4.77579 -1.07621 -101.786 236.307 5.22
1.03099 -22.0622 4.77582 -1.07619 -96.7344 234.199 5.23
1.05307 -21.585 4.77584 -1.07618 -91.6828 232.092 5.24
1.07515 -21.1077 4.77586 -1.07616 -86.6311 229.984 5.25
1.09723 -20.6304 4.77587 -1.07615 -81.5794 227.877 5.26
1.11931 -20.1532 4.77588 -1.07614 -76.5277 225.77 5.27
1.1414 -19.6759 4.7759 -1.07613 -71.476 223.662 5.28
1.16348 -19.1986 4.77591 -1.07612 -66.4243 221.555 5.29
1.18556 -18.7213 4.77592 -1.07611 -61.3726 219.447 5.3
1.20764 -18.2441 4.77593 -1.0761 -56.3209 217.34 5.31
1.22973 -17.7668 4.77593 -1.0761 -51.2691 215.233 5.32
1.25181 -17.2895 4.77594 -1.07609 -46.2174 213.125 5.33
1.27389 -16.8122 4.77595 -1.07608 -41.1657 211.018 5.34
1.29598 -16.335 4.77595 -1.07608 -36.1139 208.911 5.35
1.31806 -15.8577 4.77596 -1.07608 -31.0622 206.803 5.36
1.34014 -15.3804 4.77596 -1.07607 -26.0104 204.696 5.37
1.36222 -14.9032 4.77597 -1.07607 -20.9587 202.589 5.38
1.38431 -14.4259 4.77597 -1.07606 -15.9069 200.481 5.39
1.40639 -13.9486 4.77597 -1.07606 -10.8551 198.374 5.4
1.42847 -13.4713 4.77598 -1.07606 -5.80335 196.267 5.41
1.45056 -12.9941 4.77598 -1.07606 -0.751579 194.159 5.42
1.47264 -12.5168 4.77598 -1.07605 4.3002 192.052 5.43
1.49472 -12.0395 4.77598 -1.07605 9.35197 189.945 5.44
1.51681 -11.5622 4.77598 -1.07605 14.4037 187.837 5.45
1.53889 -11.085 4.77599 -1.07605 19.4555 185.73 5.46
1.56097 -10.6077 4.77599 -1.07605 24.5073 183.623 5.47
1.58306 -10.1304 4.77599 -1.07605 29.5591 181.515 5.48
1.60514 -9.65314 4.77599 -1.07605 34.6108 179.408 5.49
1.62722 -9.17587 4.77599 -1.07604 39.6626 177.301 5.5
1.64931 -8.6986 4.77599 -1.07605 44.7144 175.193 5.51
1.67139 -8.22132 4.77599 -1.07604 49.7662 173.086 5.52
1.69348 -7.74405 4.77599 -1.07604 54.818 170.979 5.53
1.71556 -7.26677 4.77599 -1.07604 59.8698 168.871 5.54
1.73764 -6.7895 4.77599 -1.07604 64.9215 166.764 5.55
1.75973 -6.31223 4.776 -1.07604 69.9733 164.657 5.56
1.78181 -5.83495 4.776 -1.07604 75.0251 162.549 5.57
1.80389 -5.35768 4.776 -1.07604 80.0769 160.442 5.58
1.82598 -4.88041 4.776 -1.07604 85.1287 158.335 5.59
1.84806 -4.40313 4.776 -1.07604 90.1805 156.227 5.6
1.87014 -3.92586 4.776 -1.07604 95.2322 154.12 5.61
1.89223 -3.44859 4.776 -1.07604 100.284 152.013 5.62
1.91431 -2.97131 4.776 -1.07604 105.336 149.905 5.63
1.93639 -2.49404 4.776 -1.07604 110.388 147.798 5.64
1.95848 -2.01676 4.776 -1.07604 115.439 145.691 5.65
1.98056 -1.53949 4.776 -1.07604 120.491 143.584 5.66
2.00264 -1.06222 4.776 -1.07604 125.543 141.476 5.67
2.02473 -0.584943 4.776 -1.07604 130.595 139.369 5.68
2.04681 -0.107669 4.776 -1.07603 135.646 137.262 5.69
2.06889 0.369604 4.77601 -1.07603 140.698 135.154 5.7
2.09098 0.846877 4.776 -1.07603 145.75 133.047 5.71
2.11306 1.32415 4.77601 -1.07603 150.802 130.94 5.72
2.13514 1.80143 4.77601 -1.07603 155.854 128.832 5.73
2.15723 2.2787 4.77601 -1.07603 160.905 126.725 5.74
2.17931 2.75597 4.77601 -1.07603 165.957 124.618 5.75
2.20139 3.23325 4.77601 -1.07603 171.009 122.51 5.76
2.22348 3.71052 4.77601 -1.07603 176.061 120.403 5.77
2.24556 4.18779 4.77601 -1.07603 181.113 118.296 5.78
2.26764 4.66507 4.77601 -1.07603 186.164 116.188 5.79
2.28973 5.14234 4.77601 -1.07603 191.216 114.081 5.8
2.31181 5.61961 4.77601 -1.07603 196.268 111.974 5.81
2.3339 6.09689 4.77601 -1.07603 201.32 109.866 5.82
2.35598 6.57416 4.77601 -1.07603 206.371 107.759 5.83
2.37806 7.05143 4.77601 -1.07603 211.423 105.652 5.84
2.40015 7.52871 4.77601 -1.07603 216.475 103.544 5.85
2.42223 8.00598 4.77601 -1.07603 221.527 101.437 5.86
2.44431 8.48326 4.77601 -1.07603 226.579 99.3298 5.87
2.4664 8.96053 4.77601 -1.07603 231.63 97.2225 5.88
2.48848 9.4378 4.77601 -1.07603 236.682 95.1151 5.89
2.51056 9.91508 4.77601 -1.07603 241.734 93.0078 5.9
2.53265 10.3924 4.77601 -1.07603 246.786 90.9005 5.91
2.55473 10.8696 4.77601 -1.07603 251.838 88.7932 5.92
2.57681 11.3469 4.77601 -1.07603 256.889 86.6859 5.93
2.5989 11.8242 4.77601 -1.07603 261.941 84.5786 5.94
2.62098 12.3014 4.77601 -1.07603 266.993 82.4712 5.95
2.64306 12.7787 4.77601 -1.07603 272.045 80.3639 5.96
2.66515 13.256 4.77601 -1.07603 277.096 78.2566 5.97
2.68723 13.7333 4.77601 -1.07603 282.148 76.1493 5.98
2.70544 14.1773 3.93844 -1.08611 286.692 74.0327 5.99
2.71893 14.5627 3.17783 -1.10269 290.482 72.0416 6
2.73077 14.8698 2.51812 -0.569805 293.575 70.528 6.01
2.74197 15.089 1.94913 -0.103525 295.965 69.6304 6.02
2.7526 15.2297 1.46572 0.288012 297.729 69.2838 6.03
2.76272 15.3036 1.05775 0.613608 298.958 69.4046 6.04
2.77239 15.3213 0.714034 0.883475 299.736 69.9163 6.05
2.78165 15.292 0.424478 1.10681 300.134 70.7532 6.06
2.79055 15.2235 0.180479 1.29146 300.212 71.8604 6.07
2.79911 15.1221 -0.0252348 1.44396 300.023 73.1919 6.08
2.80738 14.9932 -0.198758 1.56979 299.608 74.7097 6.09
2.81539 14.8415 -0.345217 1.6735 299.004 76.3818 6.1
2.82316 14.6705 -0.468908 1.75887 298.24 78.182 6.11
2.83072 14.4836 -0.573441 1.82904 297.342 80.0881 6.12
2.83809 14.2832 -0.661829 1.88665 296.33 82.0818 6.13
2.84529 14.0717 -0.73663 1.93385 295.224 84.1481 6.14
2.85234 13.8508 -0.79998 1.97247 294.037 86.2743 6.15
2.85924 13.6222 -0.853662 2.00399 292.783 88.45 6.16
2.86603 13.387 -0.899203 2.02966 291.471 90.6664 6.17
2.8727 13.1463 -0.937849 2.05051 290.111 92.9164 6.18
2.87928 12.9011 -0.970693 2.06739 288.71 95.194 6.19
2.88577 12.6521 -0.998624 2.08102 287.275 97.4943 6.2
2.89218 12.3998 -1.02239 2.09198 285.811 99.8132 6.21
2.89852 12.145 -1.04264 2.10075 284.322 102.147 6.22
2.90479 11.8879 -1.05992 2.10773 282.812 104.494 6.23
2.91101 11.6289 -1.07466 2.11325 281.284 106.85 6.24
2.91717 11.3684 -1.08725 2.11759 279.741 109.215 6.25
2.9233 11.1066 -1.09803 2.12097 278.186 111.587 6.26
2.92937 10.8437 -1.10726 2.12356 276.62 113.964 6.27
2.93542 10.5799 -1.11518 2.12553 275.044 116.345 6.28
2.94143 10.3154 -1.12197 2.127 273.46 118.73 6.29
2.94741 10.0502 -1.12781 2.12807 271.87 121.117 6.3
2.95336 9.78448 -1.13283 2.12881 270.274 123.507 6.31
2.95929 9.51833 -1.13716 2.12931 268.673 125.898 6.32
2.9652 9.2518 -1.14089 2.1296 267.068 128.291 6.33
2.97109 8.98497 -1.14411 2.12975 265.46 130.685 6.34
2.97696 8.71788 -1.14689 2.12978 263.848 133.08 6.35
2.98282 8.45058 -1.1493 2.12972 262.234 135.475 6.36
2.98866 8.18309 -1.15139 2.1296 260.617 137.871 6.37
2.99449 7.91545 -1.1532 2.12943 258.999 140.267 6.38
3.00031 7.64769 -1.15478 2.12922 257.378 142.663 6.39
3.00612 7.37983 -1.15614 2.129 255.757 145.059 6.4
3.01192 7.11187 -1.15733 2.12877 254.134 147.456 6.41
3.01771 6.84384 -1.15837 2.12853 252.51 149.852 6.42
3.0235 6.57575 -1.15928 2.1283 250.885 152.248 6.43
3.02928 6.30761 -1.16007 2.12807 249.259 154.645 6.44
3.03505 6.03943 -1.16076 2.12784 247.633 157.041 6.45
3.04082 5.77121 -1.16137 2.12762 246.005 159.437 6.46
3.04659 5.50296 -1.1619 2.12742 244.378 161.833 6.47
3.05235 5.23468 -1.16237 2.12723 242.75 164.23 6.48
3.0581 4.96639 -1.16278 2.12704 241.121 166.626 6.49
3.06386 4.69808 -1.16314 2.12687 239.493 169.021 6.5
3.06961 4.42975 -1.16345 2.12671 237.864 171.417 6.51
3.07535 4.16141 -1.16373 2.12657 236.234 173.813 6.52
3.0811 3.89306 -1.16398 2.12644 234.605 176.209 6.53
3.08684 3.6247 -1.1642 2.12631 232.975 178.604 6.54
3.09258 3.35633 -1.16438 2.1262 231.345 181 6.55
3.09832 3.08796 -1.16455 2.12609 229.715 183.395 6.56
3.10406 2.81959 -1.16471 2.126 228.084 185.79 6.57
3.1098 2.55121 -1.16484 2.12591 226.454 188.186 6.58
3.11553 2.28282 -1.16496 2.12583 224.823 190.581 6.59
3.12127 2.01443 -1.16506 2.12576 223.193 192.976 6.6
3.127 1.74605 -1.16515 2.12569 221.562 195.371 6.61
3.13273 1.47765 -1.16524 2.12563 219.931 197.766 6.62
3.13847 1.20926 -1.16531 2.12558 218.3 200.162 6.63
3.1442 0.940866 -1.16537 2.12553 216.67 202.557 6.64
3.14993 0.672471 -1.16543 2.12549 215.039 204.952 6.65
3.15566 0.404074 -1.16548 2.12545 213.408 207.347 6.66
3.16139 0.135676 -1.16552 2.12541 211.777 209.741 6.67
3.16711 -0.132721 -1.16556 2.12538 210.146 212.136 6.68
3.17284 -0.40112 -1.1656 2.12535 208.514 214.531 6.69
3.17857 -0.66952 -1.16563 2.12532 206.883 216.926 6.7
3.1843 -0.93792 -1.16566 2.12529 205.252 219.321 6.71
3.19003 -1.20632 -1.16569 2.12528 203.621 221.716 6.72
3.19575 -1.47472 -1.16571 2.12525 201.99 224.111 6.73
3.20148 -1.74312 -1.16573 2.12524 200.359 226.505 6.74
3.20721 -2.01152 -1.16575 2.12522 198.727 228.9 6.75
3.21293 -2.27992 -1.16576 2.12521 197.096 231.295 6.76
3.21866 -2.54832 -1.16578 2.12519 195.465 233.69 6.77
3.22439 -2.81672 -1.16579 2.12518 193.834 236.085 6.78
3.23011 -3.08513 -1.1658 2.12517 192.202 238.479 6.79
3.23584 -3.35353 -1.16581 2.12516 190.571 240.874 6.8
3.24157 -3.62193 -1.16582 2.12515 188.94 243.269 6.81
3.24729 -3.89033 -1.16583 2.12514 187.309 245.664 6.82
3.25302 -4.15873 -1.16583 2.12514 185.677 248.058 6.83
3.25874 -4.42713 -1.16584 2.12513 184.046 250.453 6.84
3.26447 -4.69554 -1.16585 2.12513 182.415 252.848 6.85
3.27019 -4.96394 -1.16585 2.12512 180.783 255.242 6.86
3.27592 -5.23234 -1.16586 2.12512 179.152 257.637 6.87
3.28164 -5.50074 -1.16586 2.12511 177.521 260.032 6.88
3.28737 -5.76914 -1.16587 2.12511 175.889 262.427 6.89
3.2931 -6.03754 -1.16587 2.12511 174.258 264.821 6.9
3.29882 -6.30594 -1.16587 2.12511 172.627 267.216 6.91
3.30455 -6.57435 -1.16587 2.12511 170.995 269.611 6.92
3.31027 -6.84275 -1.16588 2.1251 169.364 272.005 6.93
3.316 -7.11115 -1.16588 2.1251 167.733 274.4 6.94
3.32172 -7.37955 -1.16588 2.1251 166.101 276.795 6.95
3.32745 -7.64795 -1.16588 2.1251 164.47 279.189 6.96
3.33317 -7.91635 -1.16589 2.12509 162.839 281.584 6.97
3.3389 -8.18476 -1.16589 2.12509 161.207 283.979 6.98
3.34462 -8.45316 -1.16589 2.12509 159.576 286.373 6.99
3.35035 -8.72156 -1.16589 2.12508 157.945 288.768 7
3.35607 -8.98996 -1.16589 2.12509 156.313 291.163 7.01
3.3618 -9.25836 -1.16589 2.12509 154.682 293.557 7.02
3.36752 -9.52676 -1.16589 2.12509 153.051 295.952 7.03
3.37325 -9.79517 -1.16589 2.12509 151.419 298.347 7.04
3.37897 -10.0636 -1.16589 2.12509 149.788 300.742 7.05
3.3847 -10.332 -1.16589 2.12509 148.157 303.136 7.06
3.39042 -10.6004 -1.16589 2.12509 146.525 305.531 7.07
3.39615 -10.8688 -1.16589 2.12509 144.894 307.926 7.08
3.40187 -11.1372 -1.16589 2.12509 143.263 310.32 7.09
3.4076 -11.4056 -1.16589 2.12509 141.631 312.715 7.1
3.41275 -11.6691 -1.16738 2.00104 139.999 315.034 7.11
3.4172 -11.9238 -1.16983 1.88839 138.384 317.242 7.12
3.42102 -12.1704 -1.17448 1.78967 136.79 319.346 7.13
3.42428 -12.4097 -1.18131 1.70375 135.212 321.358 7.14
3.42702 -12.643 -1.18981 1.62903 133.646 323.291 7.15
3.42931 -12.8712 -1.19947 1.56401 132.087 325.155 7.16
3.43119 -13.0952 -1.20984 1.50737 130.532 326.96 7.17
3.4327 -13.3157 -1.22056 1.45798 128.979 328.714 7.18
3.43389 -13.5331 -1.23137 1.41486 127.427 330.424 7.19
3.43477 -13.7482 -1.24205 1.37717 125.874 332.096 7.2
3.4357 -13.9584 -1.18496 1.34501 124.359 333.735 7.21
3.43678 -14.1622 -1.13368 1.31745 122.902 335.335 7.22
3.43798 -14.3601 -1.08953 1.29464 121.498 336.899 7.23
3.43929 -14.5528 -1.05184 1.27612 120.14 338.432 7.24
3.44072 -14.7413 -1.01971 1.26122 118.822 339.94 7.25
3.44223 -14.9261 -0.992313 1.24928 117.536 341.428 7.26
3.44383 -15.1079 -0.968935 1.23979 116.279 342.898 7.27
3.44551 -15.2872 -0.948965 1.2323 115.046 344.355 7.28
3.44725 -15.4644 -0.93189 1.22642 113.833 345.8 7.29
3.44905 -15.6399 -0.91727 1.22186 112.638 347.236 7.3
3.45091 -15.8139 -0.904742 1.21836 111.457 348.665 7.31
3.45282 -15.9866 -0.893995 1.2157 110.289 350.088 7.32
3.45477 -16.1583 -0.884763 1.21374 109.131 351.506 7.33
3.45677 -16.3292 -0.876823 1.21232 107.982 352.92 7.34
3.4588 -16.4993 -0.869985 1.21134 106.841 354.331 7.35
3.46086 -16.6689 -0.86409 1.21071 105.707 355.741 7.36
3.46295 -16.8379 -0.859003 1.21033 104.579 357.148 7.37
3.46506 -17.0066 -0.854606 1.21017 103.455 358.553 7.38
3.4672 -17.1749 -0.850801 1.21016 102.335 359.958 7.39
3.46936 -17.3428 -0.847506 1.21027 101.219 361.362 7.4
3.47154 -17.5106 -0.844648 1.21046 100.106 362.765 7.41
3.47373 -17.6781 -0.842166 1.21072 98.9962 364.168 7.42
3.47594 -17.8455 -0.840008 1.21102 97.8884 365.571 7.43
3.47817 -18.0127 -0.838134 1.21134 96.7824 366.973 7.44
3.4804 -18.1798 -0.836494 1.21168 95.6781 368.376 7.45
3.48265 -18.3469 -0.835064 1.21202 94.5754 369.778 7.46
3.48491 -18.5138 -0.833818 1.21237 93.4738 371.181 7.47
3.48717 -18.6806 -0.832727 1.2127 92.3734 372.583 7.48
3.48945 -18.8474 -0.831769 1.21302 91.274 373.986 7.49
3.49173 -19.0142 -0.830934 1.21333 90.1754 375.388 7.5
3.49401 -19.1809 -0.830199 1.21362 89.0775 376.791 7.51
3.49631 -19.3476 -0.829556 1.21389 87.9802 378.194 7.52
3.4986 -19.5142 -0.828987 1.21416 86.8836 379.597 7.53
3.50091 -19.6808 -0.82849 1.21439 85.7873 381 7.54
3.50321 -19.8475 -0.828049 1.21462 84.6915 382.403 7.55
3.50552 -20.014 -0.82766 1.21483 83.5961 383.807 7.56
3.50783 -20.1806 -0.827318 1.21502 82.501 385.21 7.57
3.51015 -20.3472 -0.82702 1.21519 81.4062 386.614 7.58
3.51247 -20.5137 -0.826751 1.21536 80.3116 388.018 7.59
3.51479 -20.6803 -0.826512 1.21551 79.2172 389.421 7.6
3.51711 -20.8468 -0.826305 1.21564 78.1231 390.825 7.61
3.51944 -21.0133 -0.826122 1.21576 77.0291 392.229 7.62
3.52176 -21.1799 -0.825957 1.21587 75.9352 393.633 7.63
3.52409 -21.3464 -0.82581 1.21598 74.8415 395.037 7.64
3.52642 -21.5129 -0.825685 1.21607 73.7479 396.442 7.65
3.52875 -21.6794 -0.825568 1.21615 72.6544 397.846 7.66
3.53108 -21.846 -0.825466 1.21623 71.561 399.25 7.67
3.53342 -22.0125 -0.825376 1.2163 70.4677 400.655 7.68
3.53575 -22.179 -0.825298 1.21636 69.3745 402.059 7.69
3.53809 -22.3455 -0.825227 1.21642 68.2812 403.464 7.7
3.54042 -22.512 -0.825165 1.21647 67.1881 404.868 7.71
3.54276 -22.6785 -0.825103 1.21652 66.095 406.273 7.72
3.54509 -22.845 -0.825053 1.21657 65.002 407.677 7.73
3.54743 -23.0115 -0.82501 1.2166 63.909 409.082 7.74
3.54977 -23.178 -0.824968 1.21663 62.816 410.486 7.75
3.55211 -23.3445 -0.824933 1.21667 61.7231 411.891 7.76
3.55444 -23.511 -0.824899 1.21669 60.6301 413.296 7.77
3.55678 -23.6775 -0.824871 1.21672 59.5373 414.7 7.78
3.55912 -23.8441 -0.824847 1.21674 58.4444 416.105 7.79
3.56146 -24.0106 -0.824823 1.21676 57.3515 417.51 7.8
3.5638 -24.1771 -0.824804 1.21678 56.2587 418.915 7.81
3.56614 -24.3436 -0.824787 1.2168 55.1659 420.319 7.82
3.56848 -24.5101 -0.824769 1.21681 54.0731 421.724 7.83
3.57082 -24.6766 -0.824754 1.21682 52.9803 423.129 7.84
3.57316 -24.8431 -0.824744 1.21683 51.8876 424.534 7.85
3.5755 -25.0096 -0.824732 1.21684 50.7948 425.939 7.86
3.57784 -25.1761 -0.824723 1.21686 49.702 427.343 7.87
3.58018 -25.3426 -0.824711 1.21686 48.6093 428.748 7.88
3.58252 -25.5091 -0.824702 1.21687 47.5166 430.153 7.89
3.58486 -25.6756 -0.824695 1.21688 46.4238 431.558 7.9
3.5872 -25.8421 -0.824693 1.21688 45.3311 432.963 7.91
3.58954 -26.0086 -0.824687 1.21688 44.2384 434.368 7.92
3.59189 -26.1751 -0.82468 1.2169 43.1457 435.772 7.93
3.59423 -26.3416 -0.824676 1.2169 42.0529 437.177 7.94
3.59657 -26.5081 -0.824673 1.2169 40.9602 438.582 7.95
3.59891 -26.6746 -0.824669 1.2169 39.8675 439.987 7.96
3.60125 -26.8411 -0.824666 1.21691 38.7748 441.392 7.97
3.60359 -27.0076 -0.824664 1.21691 37.6821 442.797 7.98
3.60593 -27.1741 -0.824661 1.21691 36.5894 444.202 7.99
3.60827 -27.3406 -0.824657 1.21691 35.4967 445.606 8
3.61061 -27.5071 -0.824655 1.21691 34.404 447.011 8.01
3.61296 -27.6737 -0.824654 1.21692 33.3113 448.416 8.02
3.6153 -27.8402 -0.824651 1.21692 32.2186 449.821 8.03
3.61764 -28.0067 -0.824649 1.21693 31.1259 451.226 8.04
3.61998 -28.1732 -0.824649 1.21692 30.0332 452.631 8.05
3.62232 -28.3397 -0.824648 1.21693 28.9405 454.036 8.06
3.62466 -28.5062 -0.824643 1.21692 27.8478 455.44 8.07
3.627 -28.6727 -0.824643 1.21693 26.7551 456.845 8.08
3.62934 -28.8392 -0.824641 1.21693 25.6624 458.25 8.09
3.63169 -29.0057 -0.824642 1.21693 24.5698 459.655 8.1
3.6323 -29.1574 -0.82913 0.843943 23.473 460.834 8.11
3.63081 -29.283 -0.836514 0.505229 22.432 461.677 8.12
3.62743 -29.3837 -0.850466 0.20843 21.4513 462.206 8.13
3.62235 -29.4628 -0.870992 -0.0499333 20.5188 462.461 8.14
3.61573 -29.5238 -0.896572 -0.274596 19.6207 462.477 8.15
3.60775 -29.5695 -0.925615 -0.470101 18.7453 462.288 8.16
3.59853 -29.6024 -0.956781 -0.640399 17.8835 461.92 8.17
3.5882 -29.6247 -0.989022 -0.788901 17.0278 461.399 8.18
3.57688 -29.6381 -1.02151 -0.918555 16.1727 460.745 8.19
3.56467 -29.6441 -1.05364 -1.03187 15.3139 459.975 8.2
3.55166 -29.6438 -1.08494 -1.13104 14.4485 459.106 8.21
3.53793 -29.6383 -1.1151 -1.21791 13.5742 458.149 8.22
3.52355 -29.6285 -1.14388 -1.29408 12.6895 457.117 8.23
3.5086 -29.6151 -1.17115 -1.36093 11.7934 456.02 8.24
3.49313 -29.5986 -1.1968 -1.41969 10.8855 454.865 8.25
3.47719 -29.5796 -1.22082 -1.47136 9.96559 453.66 8.26
3.46083 -29.5585 -1.24321 -1.51686 9.03372 452.411 8.27
3.44411 -29.5356 -1.26398 -1.55694 8.09019 451.124 8.28
3.42704 -29.5112 -1.28319 -1.5923 7.13533 449.803 8.29
3.40967 -29.4856 -1.30091 -1.62351 6.16966 448.453 8.3
3.39204 -29.4589 -1.31721 -1.65107 5.19371 447.078 8.31
3.37416 -29.4314 -1.33216 -1.67544 4.2081 445.679 8.32
3.35606 -29.4032 -1.34585 -1.69701 3.21339 444.261 8.33
3.33777 -29.3743 -1.35837 -1.7161 2.21024 442.825 8.34
3.3193 -29.345 -1.36978 -1.73301 1.19916 441.374 8.35
3.30068 -29.3152 -1.38018 -1.74801 0.180847 439.91 8.36
3.28191 -29.2851 -1.38965 -1.76131 -0.844269 438.433 8.37
3.26302 -29.2547 -1.39824 -1.77312 -1.87553 436.945 8.38
3.24402 -29.2241 -1.40605 -1.78361 -2.91248 435.449 8.39
3.22492 -29.1932 -1.41313 -1.79292 -3.95462 433.944 8.4
3.20572 -29.1622 -1.41954 -1.8012 -5.00157 432.431 8.41
3.18644 -29.131 -1.42534 -1.80856 -6.05287 430.912 8.42
3.1671 -29.0997 -1.43058 -1.81512 -7.10811 429.388 8.43
3.14768 -29.0683 -1.43532 -1.82095 -8.16696 427.858 8.44
3.12821 -29.0368 -1.43961 -1.82615 -9.22911 426.323 8.45
3.10868 -29.0053 -1.44347 -1.83078 -10.2942 424.785 8.46
3.08911 -28.9737 -1.44696 -1.8349 -11.362 423.243 8.47
3.06949 -28.942 -1.4501 -1.83857 -12.4323 421.698 8.48
3.04984 -28.9103 -1.45294 -1.84186 -13.5048 420.15 8.49
3.03015 -28.8786 -1.45549 -1.84479 -14.5793 418.6 8.5
3.01044 -28.8468 -1.45778 -1.84739 -15.6556 417.047 8.51
2.99069 -28.8151 -1.45985 -1.84973 -16.7335 415.492 8.52
2.97092 -28.7833 -1.46172 -1.8518 -17.8129 413.936 8.53
2.95113 -28.7514 -1.46339 -1.85366 -18.8937 412.378 8.54
2.93132 -28.7196 -1.46489 -1.85532 -19.9756 410.818 8.55
2.91149 -28.6878 -1.46625 -1.8568 -21.0587 409.258 8.56
2.89165 -28.6559 -1.46747 -1.85812 -22.1427 407.696 8.57
2.87179 -28.624 -1.46856 -1.8593 -23.2276 406.133 8.58
2.85192 -28.5922 -1.46954 -1.86035 -24.3133 404.569 8.59
2.83204 -28.5603 -1.47042 -1.8613 -25.3997 403.005 8.6
2.81215 -28.5284 -1.47122 -1.86214 -26.4867 401.44 8.61
2.79224 -28.4965 -1.47193 -1.86291 -27.5743 399.874 8.62
2.77234 -28.4646 -1.47257 -1.86358 -28.6625 398.307 8.63
2.75242 -28.4328 -1.47314 -1.86418 -29.7511 396.74 8.64
2.7325 -28.4009 -1.47366 -1.86472 -30.8401 395.173 8.65
2.71257 -28.369 -1.47412 -1.8652 -31.9295 393.605 8.66
2.69263 -28.3371 -1.47453 -1.86563 -33.0192 392.037 8.67
2.67269 -28.3052 -1.4749 -1.86602 -34.1092 390.468 8.68
2.65275 -28.2733 -1.47524 -1.86637 -35.1995 388.9 8.69
2.6328 -28.2414 -1.47554 -1.86667 -36.2901 387.331 8.7
2.6138 -28.2014 -1.27115 -1.86448 -37.2568 385.763 8.71
2.59595 -28.147 -1.08553 -1.86069 -38.0393 384.166 8.72
2.57913 -28.079 -0.922885 -1.85325 -38.6503 382.534 8.73
2.56325 -27.9992 -0.781317 -1.84217 -39.1105 380.877 8.74
2.5482 -27.9093 -0.658214 -1.82833 -39.44 379.2 8.75
2.53391 -27.8112 -0.551095 -1.81255 -39.6566 377.511 8.76
2.52028 -27.706 -0.457793 -1.79559 -39.7758 375.814 8.77
2.50727 -27.5949 -0.376434 -1.77803 -39.8108 374.113 8.78
2.4948 -27.479 -0.305401 -1.76031 -39.7728 372.413 8.79
2.48282 -27.359 -0.24332 -1.74279 -39.6717 370.714 8.8
2.47127 -27.2356 -0.189001 -1.7257 -39.5158 369.018 8.81
2.46012 -27.1093 -0.141418 -1.70923 -39.3123 367.328 8.82
2.44932 -26.9807 -0.0996951 -1.69351 -39.0674 365.643 8.83
2.43884 -26.8501 -0.0630696 -1.67862 -38.7864 363.964 8.84
2.42864 -26.7178 -0.0308904 -1.6646 -38.474 362.292 8.85
2.41869 -26.5841 -0.00259265 -1.65147 -38.1342 360.627 8.86
2.40898 -26.4492 0.0223234 -1.63924 -37.7705 358.967 8.87
2.39947 -26.3134 0.0442816 -1.62788 -37.3858 357.315 8.88
2.39014 -26.1767 0.0636448 -1.61737 -36.9828 355.668 8.89
2.38098 -26.0394 0.0807352 -1.60769 -36.5636 354.027 8.9
2.37196 -25.9015 0.0958278 -1.59878 -36.1304 352.392 8.91
2.36308 -25.7631 0.109173 -1.5906 -35.6848 350.762 8.92
2.35432 -25.6244 0.120982 -1.58311 -35.2282 349.138 8.93
2.34566 -25.4853 0.131439 -1.57627 -34.7621 347.517 8.94
2.3371 -25.3459 0.140703 -1.57002 -34.2875 345.901 8.95
2.32863 -25.2063 0.148915 -1.56433 -33.8055 344.29 8.96
2.32023 -25.0665 0.156198 -1.55915 -33.3168 342.681 8.97
2.31191 -24.9266 0.162656 -1.55444 -32.8224 341.076 8.98
2.30364 -24.7865 0.168399 -1.55018 -32.3228 339.475 8.99
2.29543 -24.6463 0.1735 -1.54631 -31.8187 337.876 9
2.28727 -24.506 0.178035 -1.5428 -31.3106 336.28 9.01
2.27915 -24.3656 0.182064 -1.53963 -30.7989 334.686 9.02
2.27107 -24.2252 0.185652 -1.53675 -30.2841 333.094 9.03
2.26303 -24.0847 0.188847 -1.53417 -29.7665 331.504 9.04
2.25502 -23.9442 0.191693 -1.53182 -29.2463 329.916 9.05
2.24704 -23.8036 0.194226 -1.52971 -28.724 328.33 9.06
2.23909 -23.663 0.196484 -1.52779 -28.1998 326.745 9.07
2.23116 -23.5224 0.198502 -1.52607 -27.6737 325.162 9.08
2.22325 -23.3817 0.200294 -1.52452 -27.1461 323.579 9.09
2.21536 -23.241 0.201895 -1.52313 -26.6172 321.998 9.1
2.20748 -23.1003 0.20332 -1.52187 -26.087 320.418 9.11
2.19962 -22.9596 0.204595 -1.52074 -25.5557 318.839 9.12
2.19177 -22.8189 0.205732 -1.51972 -25.0234 317.26 9.13
2.18394 -22.6782 0.206746 -1.5188 -24.4903 315.682 9.14
2.17612 -22.5374 0.207653 -1.51798 -23.9565 314.105 9.15
2.1683 -22.3967 0.208464 -1.51724 -23.4219 312.529 9.16
2.16049 -22.256 0.20919 -1.51658 -22.8867 310.953 9.17
2.1527 -22.1152 0.209837 -1.51598 -22.351 309.377 9.18
2.14491 -21.9745 0.210414 -1.51544 -21.8147 307.802 9.19
2.13712 -21.8337 0.210933 -1.51496 -21.2781 306.227 9.2
2.12934 -21.6929 0.211394 -1.51453 -20.741 304.653 9.21
2.12157 -21.5522 0.211806 -1.51414 -20.2036 303.079 9.22
2.1138 -21.4114 0.212176 -1.51379 -19.6659 301.505 9.23
2.10603 -21.2707 0.212507 -1.51347 -19.1279 299.932 9.24
2.09827 -21.1299 0.212803 -1.51319 -18.5897 298.359 9.25
2.09051 -20.9891 0.213067 -1.51293 -18.0513 296.785 9.26
2.08275 -20.8484 0.213305 -1.5127 -17.5126 295.213 9.27
2.075 -20.7076 0.213517 -1.5125 -16.9738 293.64 9.28
2.06724 -20.5668 0.213709 -1.51231 -16.4348 292.067 9.29
2.05949 -20.426 0.213879 -1.51216 -15.8957 290.495 9.3
2.05175 -20.2853 0.214031 -1.51201 -15.3564 288.923 9.31
2.044 -20.1445 0.214168 -1.51188 -14.8171 287.351 9.32
2.03626 -20.0037 0.21429 -1.51175 -14.2776 285.778 9.33
2.02851 -19.863 0.214397 -1.51165 -13.738 284.206 9.34
2.02077 -19.7222 0.214493 -1.51156 -13.1983 282.635 9.35
2.01303 -19.5814 0.214579 -1.51147 -12.6586 281.063 9.36
2.00529 -19.4406 0.214657 -1.5114 -12.1189 279.491 9.37
1.99755 -19.2999 0.214726 -1.51133 -11.579 277.919 9.38
1.98981 -19.1591 0.214789 -1.51127 -11.0391 276.347 9.39
1.98208 -19.0183 0.214841 -1.51122 -10.4992 274.776 9.4
1.97434 -18.8776 0.214893 -1.51117 -9.9592 273.204 9.41
1.9666 -18.7368 0.214939 -1.51112 -9.41916 271.633 9.42
1.95887 -18.596 0.214978 -1.51108 -8.8791 270.061 9.43
1.95113 -18.4552 0.215013 -1.51104 -8.33902 268.49 9.44
1.94339 -18.3145 0.215044 -1.51101 -7.7989 266.918 9.45
1.93566 -18.1737 0.215075 -1.51098 -7.25877 265.347 9.46
1.92793 -18.0329 0.215102 -1.51096 -6.71863 263.775 9.47
1.92019 -17.8922 0.215123 -1.51094 -6.17847 262.204 9.48
1.91246 -17.7514 0.215144 -1.51092 -5.63826 260.633 9.49
1.90472 -17.6106 0.215161 -1.5109 -5.09805 259.061 9.5
1.89699 -17.4698 0.215179 -1.51088 -4.55785 257.49 9.51
1.88926 -17.3291 0.215194 -1.51087 -4.01762 255.918 9.52
1.88152 -17.1883 0.215209 -1.51085 -3.47737 254.347 9.53
1.87379 -17.0475 0.215219 -1.51084 -2.93711 252.776 9.54
1.86606 -16.9068 0.21523 -1.51083 -2.39685 251.204 9.55
1.85832 -16.766 0.21524 -1.51082 -1.85658 249.633 9.56
1.85059 -16.6252 0.215248 -1.51081 -1.3163 248.062 9.57
1.84286 -16.4844 0.215256 -1.51081 -0.776024 246.491 9.58
1.83513 -16.3437 0.215263 -1.5108 -0.235733 244.919 9.59
1.82739 -16.2029 0.215269 -1.51079 0.304558 243.348 9.6
1.81966 -16.0621 0.215275 -1.51079 0.844849 241.777 9.61
1.81193 -15.9213 0.215281 -1.51078 1.38515 240.205 9.62
1.8042 -15.7806 0.215285 -1.51077 1.92547 238.634 9.63
1.79646 -15.6398 0.215288 -1.51077 2.46577 237.063 9.64
1.78873 -15.499 0.215292 -1.51077 3.00609 235.492 9.65
1.781 -15.3583 0.215294 -1.51077 3.5464 233.92 9.66
1.77327 -15.2175 0.215299 -1.51076 4.08672 232.349 9.67
1.76554 -15.0767 0.215301 -1.51076 4.62705 230.778 9.68
1.7578 -14.9359 0.215301 -1.51076 5.16736 229.206 9.69
1.75007 -14.7952 0.215305 -1.51076 5.70769 227.635 9.7
1.74234 -14.6544 0.215305 -1.51076 6.24801 226.064 9.71
1.73461 -14.5136 0.215308 -1.51075 6.78833 224.493 9.72
1.72688 -14.3729 0.21531 -1.51075 7.32866 222.921 9.73
1.71914 -14.2321 0.215312 -1.51075 7.869 221.35 9.74
1.71141 -14.0913 0.215312 -1.51075 8.40932 219.779 9.75
1.70368 -13.9505 0.215312 -1.51075 8.94965 218.208 9.76
1.69595 -13.8098 0.215313 -1.51075 9.48998 216.636 9.77
1.68822 -13.669 0.215315 -1.51075 10.0303 215.065 9.78
1.68048 -13.5282 0.215315 -1.51075 10.5706 213.494 9.79
1.67275 -13.3874 0.215315 -1.51075 11.111 211.923 9.8
1.66502 -13.2467 0.215316 -1.51075 11.6513 210.351 9.81
1.65729 -13.1059 0.215316 -1.51074 12.1917 208.78 9.82
1.64956 -12.9651 0.215317 -1.51075 12.732 207.209 9.83
1.64183 -12.8244 0.215318 -1.51074 13.2723 205.638 9.84
1.63409 -12.6836 0.215318 -1.51075 13.8127 204.066 9.85
1.62636 -12.5428 0.215317 -1.51074 14.353 202.495 9.86
1.61863 -12.402 0.215319 -1.51074 14.8933 200.924 9.87
1.6109 -12.2613 0.215318 -1.51074 15.4337 199.353 9.88
1.60317 -12.1205 0.215319 -1.51074 15.974 197.781 9.89
1.59543 -11.9797 0.215319 -1.51075 16.5143 196.21 9.9
1.5877 -11.839 0.21532 -1.51074 17.0547 194.639 9.91
1.57997 -11.6982 0.215321 -1.51074 17.595 193.068 9.92
1.57224 -11.5574 0.21532 -1.51074 18.1353 191.496 9.93
1.56451 -11.4166 0.215321 -1.51074 18.6757 189.925 9.94
1.55678 -11.2759 0.215322 -1.51074 19.216 188.354 9.95
1.54904 -11.1351 0.215321 -1.51074 19.7564 186.783 9.96
1.54131 -10.9943 0.21532 -1.51074 20.2967 185.212 9.97
1.53358 -10.8535 0.215321 -1.51074 20.837 183.64 9.98
1.52585 -10.7128 0.215319 -1.51074 21.3774 182.069 9.99
1.51812 -10.572 0.21532 -1.51074 21.9177 180.498 10
